1 2
1 3
3 4
2 3
3 6
1 6
4 7
1 8
3 8
5 6
3 5
2 10
4 10
2 9
10 11
4 5
2 12
2 4
2 6
8 13
7 9
9 13
5 8
4 14
5 14
5 13
6 15
5 15
1 4
8 16
12 14
13 15
4 13
9 17
1 14
9 10
7 10
8 18
1 16
6 14
13 16
2 19
2 17
2 14
9 19
10 20
10 18
6 16
1 15
7 21
10 15
11 12
4 12
15 21
10 22
15 17
6 21
10 23
5 11
2 24
10 17
5 16
20 24
11 19
9 25
1 20
2 23
7 11
13 14
15 26
15 24
5 9
16 25
1 27
13 20
5 10
20 28
7 27
11 20
18 29
24 26
21 29
16 30
18 25
2 13
17 22
12 29
28 31
19 31
23 28
11 32
10 14
25 30
13 33
10 25
14 34
4 25
9 34
12 19
10 31
15 19
15 30
19 36
8 29
12 36
14 36
20 37
15 34
4 16
9 38
31 37
1 39
14 30
30 31
26 36
10 40
8 25
8 35
2 11
9 41
37 41
3 33
5 27
34 42
24 29
25 34
9 39
21 43
12 18
34 37
1 32
5 44
9 26
2 8
1 5
12 20
27 45
2 32
19 42
7 45
19 38
34 46
13 19
13 40
15 20
46 47
34 47
2 30
14 48
18 45
1 18
8 49
12 17
24 37
36 41
19 50
21 24
19 23
1 22
13 47
5 51
14 47
17 43
24 31
25 52
19 39
8 20
44 48
7 26
19 53
8 53
19 49
9 54
49 53
9 22
8 32
18 35
34 55
24 27
7 43
28 33
7 29
46 56
4 30
28 48
26 44
31 57
29 54
7 37
16 44
8 9
4 58
29 50
30 38
7 34
31 59
18 26
32 36
15 22
11 30
55 60
3 44
3 30
14 61
30 48
8 44
2 53
40 60
7 62
18 60
13 44
14 37
36 63
22 29
16 51
57 64
34 49
1 54
2 52
5 38
53 65
16 35
42 47
43 46
8 61
27 66
41 52
10 60
36 57
16 19
26 67
9 31
26 35
4 59
3 25
31 68
34 67
30 32
33 60
41 56
8 69
14 65
41 47
5 58
6 30
15 70
3 27
39 56
29 46
43 71
29 36
52 61
9 40
50 72
33 47
17 71
27 39
39 51
32 73
44 57
4 15
12 74
37 65
17 42
31 42
14 53
8 75
48 56
19 75
55 62
12 60
21 76
30 56
6 32
22 50
50 57
11 77
20 75
1 28
17 20
49 78
6 66
10 32
45 73
72 79
31 63
17 62
1 38
17 35
68 80
34 78
15 40
8 37
78 81
7 40
39 55
68 82
31 46
5 24
37 49
12 83
14 66
14 35
48 69
3 66
69 84
18 68
2 68
9 85
14 69
36 72
4 70
72 86
41 80
65 86
32 41
27 87
19 30
32 84
49 88
12 61
7 83
15 16
6 89
17 59
30 41
40 78
85 90
36 51
12 81
54 64
34 91
21 78
11 21
57 58
3 92
46 57
2 65
61 83
39 47
6 93
49 58
27 72
38 45
38 79
17 94
22 48
5 74
67 88
23 95
9 92
21 47
3 69
32 96
19 93
4 94
2 97
4 68
43 81
9 64
16 98
10 58
5 89
2 27
5 64
49 99
3 34
10 91
55 75
3 70
71 100
17 93
16 50
43 94
36 101
17 84
46 64
10 76
31 102
7 86
8 46
7 78
10 24
64 103
24 69
19 28
8 71
2 72
2 104
49 86
6 19
4 18
19 105
46 50
47 81
91 98
57 106
32 66
43 52
22 94
37 107
54 83
61 71
58 88
20 64
20 108
37 39
28 69
19 32
8 109
7 70
16 109
61 98
36 94
17 110
58 86
14 89
28 46
60 94
49 111
24 46
27 60
19 112
36 82
10 43
74 83
2 49
47 113
34 69
1 98
10 55
37 67
59 114
32 34
61 67
4 22
15 115
5 69
10 81
64 78
93 116
15 84
7 73
54 73
83 117
6 10
28 89
37 64
60 82
38 118
14 110
49 94
1 35
17 29
30 119
47 76
20 52
49 66
31 107
36 120
35 115
2 25
37 81
19 77
53 121
7 101
11 105
3 23
9 122
74 85
7 19
37 78
107 123
18 121
32 47
53 54
81 124
16 93
17 46
46 120
21 55
93 125
64 121
59 62
68 126
9 120
102 112
84 89
59 100
77 127
16 123
37 110
37 66
16 83
84 128
9 90
26 54
106 113
97 129
15 67
13 105
14 105
9 109
81 130
11 129
112 124
60 76
7 63
67 131
15 33
6 60
19 89
56 97
115 132
39 72
26 34
16 49
42 90
72 133
22 40
21 121
2 18
27 33
7 134
58 111
1 131
43 112
100 130
17 135
14 56
44 119
28 123
55 56
47 136
3 9
16 111
49 113
89 96
55 137
115 120
48 119
7 109
19 138
31 119
29 137
86 113
30 139
38 85
14 84
39 86
137 140
10 57
58 64
26 133
32 141
32 103
52 78
41 142
52 89
4 37
11 81
51 88
70 143
46 74
115 122
97 137
18 20
112 144
32 136
2 43
10 19
45 85
77 145
3 141
28 34
14 119
94 136
84 146
37 139
59 80
11 87
10 147
8 90
8 85
6 23
42 115
9 148
84 130
4 33
119 136
47 80
32 149
91 146
4 132
63 132
12 150
44 117
9 65
12 69
48 125
9 151
59 119
2 99
11 144
39 116
72 152
26 85
69 110
107 124
47 148
15 153
15 132
28 127
107 122
13 154
6 84
59 90
125 141
95 155
61 74
19 125
42 100
81 83
76 156
18 98
38 52
112 156
94 150
12 157
29 35
82 145
18 123
34 158
91 108
9 57
8 48
131 159
67 83
74 109
59 103
19 160
20 122
60 113
37 100
50 103
80 161
42 53
69 127
3 155
63 72
115 162
31 40
19 147
16 55
154 157
31 163
19 76
50 64
68 152
24 121
11 164
100 127
11 158
110 158
4 155
141 165
12 21
24 48
130 141
14 166
77 123
8 119
29 152
43 73
131 167
42 158
82 121
36 154
18 168
93 121
72 81
4 87
24 169
53 124
34 111
34 57
64 170
2 141
84 147
3 139
7 69
21 171
4 92
15 46
8 153
21 126
16 172
53 64
8 66
92 107
67 173
77 146
32 89
36 133
141 174
27 64
8 164
37 112
14 92
13 175
32 124
88 89
39 100
21 37
71 176
42 163
92 125
83 157
62 113
59 177
17 25
47 125
38 74
67 126
135 178
38 44
49 177
13 88
133 179
40 112
17 19
33 41
12 102
88 180
65 122
7 130
56 175
10 140
4 181
21 36
6 95
72 89
18 156
6 182
113 156
22 90
81 102
21 183
102 135
71 111
6 154
3 184
19 67
98 141
47 51
65 185
27 95
119 169
25 171
94 154
13 186
94 101
15 28
43 84
169 187
59 125
68 73
25 172
60 167
103 188
42 162
4 45
47 68
93 111
42 189
152 184
42 140
108 158
175 190
147 186
56 141
167 177
76 167
103 191
27 46
34 175
22 147
30 130
103 192
88 187
54 172
42 156
20 131
21 193
22 181
16 149
178 194
18 175
120 123
65 89
83 195
49 165
68 174
1 153
29 126
33 196
24 51
2 110
12 68
17 196
49 197
65 162
57 77
50 62
18 198
13 180
46 75
34 97
36 124
51 199
8 59
64 179
69 112
36 53
86 200
60 122
78 158
20 195
89 201
23 92
26 50
1 96
45 108
24 202
32 102
11 84
7 154
53 103
58 203
125 160
13 82
48 185
202 204
35 149
47 126
30 95
40 157
20 205
97 132
38 199
15 191
8 206
48 132
6 58
20 34
57 197
39 207
90 181
109 168
37 174
18 174
68 208
7 81
49 154
46 179
64 159
152 209
178 196
49 122
148 156
36 144
121 150
45 68
100 101
170 211
5 184
4 88
30 78
39 212
22 190
44 88
46 61
12 119
69 213
44 153
22 42
54 113
103 194
12 214
94 141
21 149
64 211
154 215
13 123
37 152
25 184
154 197
12 216
123 167
71 105
147 193
72 123
19 217
25 162
78 178
109 204
97 218
124 183
41 83
97 163
56 182
141 219
50 181
54 147
15 55
40 220
10 73
64 202
46 59
108 166
133 221
125 145
130 200
124 200
11 48
36 222
32 118
33 96
43 223
83 200
58 79
148 198
5 182
58 224
7 193
67 70
118 199
141 176
55 225
3 94
42 197
61 148
19 191
7 226
34 64
31 136
20 217
42 81
53 227
78 126
67 150
161 182
68 177
168 228
29 33
96 125
66 153
6 111
167 229
39 62
172 195
31 67
112 230
67 122
140 193
26 124
60 119
26 231
1 129
16 192
34 93
15 121
46 232
39 156
39 43
48 89
7 217
103 233
25 151
42 147
67 134
114 185
101 234
39 148
21 192
58 144
3 181
2 235
14 215
28 156
77 210
133 197
10 236
166 175
98 164
72 155
155 184
99 237
71 136
17 225
114 163
63 104
6 238
83 236
106 200
52 219
25 170
125 239
151 233
144 146
63 225
46 240
121 140
188 200
7 234
152 241
154 220
95 159
136 236
114 242
88 175
26 45
23 110
47 118
53 243
179 205
40 93
75 193
110 113
2 244
48 194
211 230
142 174
21 110
164 245
137 144
3 48
12 63
113 190
39 246
21 164
53 235
216 247
5 245
108 205
125 238
18 216
43 248
109 163
18 110
22 175
162 171
17 249
46 148
38 194
79 203
89 250
25 223
10 224
5 72
124 166
73 251
25 94
30 184
71 112
92 123
14 252
57 68
28 86
23 165
59 253
141 251
119 200
111 127
78 254
121 153
142 195
69 196
160 244
7 255
26 158
87 183
13 54
103 181
17 256
65 107
69 234
197 218
49 107
139 257
25 113
102 216
131 198
81 234
186 258
94 98
64 75
14 73
80 86
69 259
53 200
112 159
12 43
31 130
20 260
183 255
118 132
11 78
144 203
204 261
50 71
45 146
38 245
115 148
105 262
185 239
117 125
37 42
40 261
12 263
95 212
7 118
14 95
65 71
34 264
142 230
7 89
123 216
11 86
243 265
95 192
39 222
80 116
163 266
48 254
80 208
252 255
49 266
155 267
5 136
127 192
107 115
184 265
70 268
14 144
49 265
104 185
89 269
9 100
13 247
49 105
49 144
44 270
93 264
19 162
131 255
49 218
121 271
73 141
46 51
144 229
5 95
56 272
68 145
86 140
54 198
88 105
119 273
14 251
51 175
74 225
5 183
21 274
52 250
37 150
43 218
24 260
103 275
12 194
72 178
57 254
28 71
7 276
123 227
57 275
98 215
37 47
44 277
86 102
210 270
2 190
1 124
35 278
95 119
6 262
96 109
170 241
214 279
24 66
74 77
98 251
47 164
27 280
60 118
33 192
101 202
175 281
216 242
193 277
73 241
31 174
200 282
145 150
12 158
21 45
26 283
24 189
91 261
21 56
136 284
144 246
84 260
171 233
10 112
27 285
10 175
60 145
53 71
167 241
228 286
15 217
37 123
119 191
123 287
16 257
146 282
25 246
2 206
237 288
122 172
41 238
110 203
7 283
198 289
93 109
195 286
29 146
32 233
16 290
74 224
117 290
7 95
12 291
114 207
2 35
85 204
32 184
22 292
5 265
24 126
134 194
8 293
136 220
29 234
5 101
159 291
84 294
79 100
83 187
43 219
139 176
86 295
109 129
5 202
154 158
72 274
285 296
187 225
29 144
1 280
60 99
90 297
165 185
5 277
13 256
61 121
193 298
21 40
46 52
71 83
62 86
44 299
119 268
18 232
57 171
38 185
203 300
139 152
142 196
58 168
165 217
72 288
240 270
137 214
75 83
172 286
68 75
7 241
66 227
93 199
23 77
43 154
26 200
68 138
88 244
262 265
56 96
33 222
109 177
102 119
81 219
91 282
44 190
63 140
61 101
148 179
185 299
47 183
29 112
25 123
47 169
11 266
113 150
18 285
43 79
14 55
178 209
53 295
107 292
12 294
150 287
39 175
14 227
41 206
42 155
57 130
20 149
18 73
97 248
20 78
45 133
49 204
1 231
141 292
34 61
13 272
242 299
169 225
36 160
13 73
117 208
12 44
34 270
103 225
86 159
17 272
208 210
159 161
22 280
92 187
70 195
52 122
56 274
277 299
85 123
50 289
71 256
256 275
9 32
78 87
26 190
103 127
5 216
111 300
200 243
203 222
30 151
30 182
127 240
192 207
10 284
38 93
48 293
11 40
18 46
179 221
134 266
29 269
205 265
144 221
57 256
180 272
230 266
42 70
38 296
246 294
27 100
102 120
44 102
9 167
202 273
81 135
34 245
34 176
14 231
98 121
75 259
73 176
49 173
190 233
196 211
57 274
66 92
161 217
118 234
41 45
148 282
9 289
53 226
246 285
88 267
101 163
154 212
29 202
31 135
198 285
196 256
55 182
1 12
215 276
32 190
14 117
56 106
52 74
49 164
1 245
45 255
107 217
149 238
63 170
181 211
40 43
28 115
43 74
131 282
92 296
188 233
246 299
184 296
81 246
113 167
160 254
97 175
204 212
29 80
44 178
114 141
59 126
4 179
75 272
241 267
37 84
248 250
144 266
153 226
62 266
62 218
132 290
60 75
92 111
37 193
32 123
21 184
13 259
125 191
11 135
10 250
76 97
212 234
61 141
43 108
14 44
159 189
148 283
45 49
236 286
2 76
14 40
184 283
118 284
152 274
94 109
173 260
38 284
87 275
31 160
141 240
79 236
152 295
27 110
154 209
115 147
161 230
145 285
66 232
208 212
202 211
111 114
40 200
91 270
32 70
6 293
6 200
36 211
107 116
13 90
97 256
51 295
148 244
74 200
213 226
128 165
49 148
10 124
36 284
90 166
140 187
66 182
67 225
7 172
3 268
106 130
26 143
67 102
4 203
189 207
80 157
187 228
54 131
16 129
32 143
169 231
10 93
82 178
43 267
86 251
35 51
174 239
45 135
17 181
184 200
45 46
145 194
53 127
59 75
2 22
203 243
66 215
168 293
106 145
227 266
20 215
118 291
129 197
33 250
86 96
7 275
47 223
59 66
221 298
80 177
196 206
24 153
156 242
111 239
112 229
13 55
45 101
218 219
40 134
40 57
208 290
119 275
131 265
36 266
100 162
30 79
161 195
151 188
150 272
